m | tanphi | Z_A_450fb | Z_A_3000fb
180 | 0.01 | 2008.080716 | 5184.842114
180 | 0.1 | 47.897920 | 123.671896
180 | 1 | 2.332638 | 6.022846
180 | 10 | 47.540520 | 122.749094
180 | 100 | 1992.077922 | 5143.523078
200 | 1 | 1.850894 | 4.778988
210 | 1 | 1.678135 | 4.332926
220 | 1 | 1.574299 | 4.064823
222.5 | 0.01 | 1649.849996 | 4259.894371
222.5 | 0.1 | 33.387470 | 86.206076
222.5 | 1 | 1.574299 | 4.064823
222.5 | 10 | 32.927938 | 85.019571
222.5 | 100 | 1674.173237 | 4322.696711
225 | 0.8 | 1.608926 | 4.154230
225 | 1.2 | 1.591615 | 4.109531
230 | 1 | 1.504999 | 3.885891
235 | 0.6 | 1.833635 | 4.734425
235 | 0.9 | 1.487665 | 3.841134
235 | 1.1 | 1.470327 | 3.796367
235 | 1.8 | 1.937133 | 5.001656
240 | 0.5 | 2.195292 | 5.668221
240 | 0.7 | 1.522330 | 3.930639
240 | 1 | 1.383578 | 3.572383
240 | 1.5 | 1.608926 | 4.154230
240 | 2 | 2.143727 | 5.535080
245 | 0.6 | 1.712717 | 4.422216
245 | 0.9 | 1.366217 | 3.527557
245 | 1.1 | 1.296734 | 3.348153
245 | 1.8 | 1.799106 | 4.645271
250 | 0.8 | 1.331483 | 3.437875
250 | 1 | 1.244582 | 3.213496
250 | 1.2 | 1.314111 | 3.393019
255 | 0.6 | 1.556980 | 4.020105
255 | 0.9 | 1.227190 | 3.168590
255 | 1.1 | 1.209794 | 3.123675
255 | 1.8 | 1.712717 | 4.422216
260 | 0.5 | 1.816372 | 4.689853
260 | 0.7 | 1.383578 | 3.572383
260 | 1 | 1.192394 | 3.078749
260 | 1.5 | 1.435639 | 3.706803
260 | 2 | 1.885401 | 4.868084
265 | 0.01 | 1343.035182 | 3467.701929
265 | 0.1 | 26.139682 | 67.492368
265 | 0.6 | 1.522330 | 3.930639
265 | 0.9 | 1.174991 | 3.033814
265 | 1 | 1.174991 | 3.033814
265 | 1.1 | 1.122758 | 2.898948
265 | 1.8 | 1.626234 | 4.198918
265 | 10 | 26.099186 | 67.387809
265 | 100 | 1351.272284 | 3488.970034
270 | 1 | 1.087916 | 2.808987
275 | 0.6 | 1.366217 | 3.527557
275 | 0.8 | 1.140173 | 2.943913
275 | 0.9 | 1.035624 | 2.673971
275 | 1.1 | 1.087916 | 2.808987
275 | 1.2 | 1.070489 | 2.763992
275 | 1.8 | 1.470327 | 3.796367
280 | 0.5 | 1.556980 | 4.020105
280 | 0.7 | 1.157584 | 2.988869
280 | 1 | 1.018186 | 2.628945
280 | 1.5 | 1.192394 | 3.078749
280 | 2 | 1.643538 | 4.243597
285 | 0.6 | 1.227190 | 3.168590
285 | 0.9 | 0.983298 | 2.538864
285 | 1.1 | 0.983298 | 2.538864
285 | 1.8 | 1.348852 | 3.482721
290 | 1 | 0.896009 | 2.313485
295 | 0.6 | 1.105339 | 2.853972
295 | 0.9 | 0.843589 | 2.178137
295 | 1.1 | 0.843589 | 2.178137
295 | 1.8 | 1.174991 | 3.033814
300 | 0.5 | 1.157584 | 2.988869
300 | 0.7 | 0.843589 | 2.178137
300 | 0.8 | 0.773640 | 1.997530
300 | 1 | 0.756143 | 1.952353
300 | 1.2 | 0.773640 | 1.997530
300 | 1.5 | 0.843589 | 2.178137
300 | 2 | 1.157584 | 2.988869
305 | 0.6 | 0.826107 | 2.133000
305 | 0.9 | 0.686116 | 1.771543
305 | 1.1 | 0.703628 | 1.816761
305 | 1.8 | 0.913475 | 2.358581
307.5 | 0.01 | 1015.164119 | 2621.142483
307.5 | 0.1 | 14.452425 | 37.316000
307.5 | 1 | 0.616025 | 1.590570
307.5 | 10 | 14.826786 | 38.282598
307.5 | 100 | 1031.906931 | 2664.372240
310 | 1 | 0.545871 | 1.409432
315 | 0.6 | 0.598492 | 1.545301
315 | 0.9 | 0.475653 | 1.228131
315 | 1.1 | 0.475653 | 1.228131
315 | 1.8 | 0.651078 | 1.681077
320 | 0.5 | 0.563415 | 1.454732
320 | 0.7 | 0.422948 | 1.092046
320 | 1 | 0.370206 | 0.955869
320 | 1.5 | 0.422948 | 1.092046
320 | 2 | 0.580956 | 1.500021
325 | 0.8 | 0.282224 | 0.728699
325 | 1.2 | 0.264615 | 0.683233
330 | 0.1 | 4.849451 | 12.521228
330 | 0.2 | 1.279354 | 3.303277
330 | 0.3 | 0.616025 | 1.590570
330 | 10 | 4.832810 | 12.478262
330 | 3 | 0.510770 | 1.318802
330 | 5 | 1.279354 | 3.303277
335 | 0.14 | 1.522330 | 3.930639
335 | 0.15 | 1.314111 | 3.393019
335 | 0.16 | 1.209794 | 3.123675
335 | 0.22 | 0.651078 | 1.681077
335 | 0.25 | 0.510770 | 1.318802
335 | 4 | 0.510770 | 1.318802
335 | 7 | 1.522330 | 3.930639
335 | 9 | 2.503992 | 6.465279
340 | 0.1 | 1.574299 | 4.064823
340 | 0.12 | 1.035624 | 2.673971
340 | 0.14 | 0.756143 | 1.952353
340 | 0.16 | 0.563415 | 1.454732
340 | 0.18 | 0.458089 | 1.182779
340 | 0.2 | 0.370206 | 0.955869
340 | 0.22 | 0.317429 | 0.819598
340 | 0.3 | 0.176512 | 0.455751
340 | 10 | 1.556980 | 4.020105
340 | 3 | 0.141242 | 0.364685
340 | 5 | 0.370206 | 0.955869
340 | 6 | 0.528322 | 1.364122
340 | 7 | 0.738642 | 1.907166
340 | 8 | 0.965848 | 2.493809
340 | 9 | 1.227190 | 3.168590
341 | 0.08 | 2.229651 | 5.756934
341 | 0.1 | 1.261970 | 3.258392
341 | 0.12 | 0.861066 | 2.223263
341 | 10 | 1.279354 | 3.303277
341 | 12 | 1.954370 | 5.046160
341 | 8 | 0.773640 | 1.997530
342 | 0.08 | 1.764561 | 4.556078
342 | 0.1 | 1.000744 | 2.583910
342 | 0.12 | 0.651078 | 1.681077
342 | 10 | 0.965848 | 2.493809
342 | 12 | 1.608926 | 4.154230
342 | 8 | 0.580956 | 1.500021
343 | 0.08 | 1.366217 | 3.527557
343 | 0.1 | 0.721137 | 1.861968
343 | 0.12 | 0.458089 | 1.182779
343 | 10 | 0.738642 | 1.907166
343 | 12 | 1.192394 | 3.078749
343 | 8 | 0.422948 | 1.092046
344 | 0.08 | 1.000744 | 2.583910
344 | 0.1 | 0.493213 | 1.273471
344 | 0.12 | 0.282224 | 0.728699
344 | 10 | 0.493213 | 1.273471
344 | 12 | 0.896009 | 2.313485
344 | 8 | 0.264615 | 0.683233
345 | 0.1 | 0.493213 | 1.273471
345 | 0.14 | 0.194140 | 0.501268
345 | 0.15 | 0.158879 | 0.410223
345 | 0.16 | 0.123601 | 0.319136
345 | 0.2 | 0.088307 | 0.228007
345 | 0.22 | 0.070653 | 0.182426
345 | 0.25 | 0.052996 | 0.136836
345 | 0.3 | 0.035335 | 0.091234
345 | 10 | 0.475653 | 1.228131
345 | 3 | 0.035335 | 0.091234
345 | 4 | 0.052996 | 0.136836
345 | 5 | 0.070653 | 0.182426
345 | 7 | 0.176512 | 0.455751
345 | 9 | 0.352618 | 0.910455
350 | 0.01 | 743.630560 | 1920.045850
350 | 0.1 | 0.352618 | 0.910455
350 | 0.12 | 0.194140 | 0.501268
350 | 0.14 | 0.105956 | 0.273577
350 | 0.16 | 0.070653 | 0.182426
350 | 0.18 | 0.052996 | 0.136836
350 | 0.22 | 0.035335 | 0.091234
350 | 0.8 | 0.000000 | 0.000000
350 | 1 | 0.000000 | 0.000000
350 | 1.2 | 0.000000 | 0.000000
350 | 10 | 0.370206 | 0.955869
350 | 100 | 732.971702 | 1892.524798
350 | 6 | 0.070653 | 0.182426
350 | 7 | 0.105956 | 0.273577
350 | 8 | 0.158879 | 0.410223
350 | 9 | 0.247002 | 0.637758
